#phil __OFF__

============================================================================
       Structure Refinement
============================================================================


#phil __ON__
#phil __END__
CA-based Elastic Network Model will be used
number of points used for ENM:  238
122.001820894 522.983878266 1769.49892696
Integration map is updated with boundary = 0.470478:34.465
235.037766849 553.375754965 1978.27497312
138.650494646 565.481798799 1920.02400494
204.08400783 604.468793662 2108.27384933
206.43411709 382.975169021 1412.8775829
235.578409068 453.235383684 1663.35470202
267.930334789 539.37057561 1967.04860467
137.676920169 442.84476594 1532.72082236
180.537927414 516.049741003 1806.1912032
196.347712474 389.437075714 1423.14739387
142.841016043 415.472329352 1451.65661955
107.101339591 657.151732103 2177.25229812
168.883021756 541.829054113 1875.74595909
183.020140028 588.851244962 2038.01177991
275.597961524 439.465727482 1659.99726011
189.076785724 451.400013379 1611.07131868
167.911173627 504.203881756 1756.24777554
192.258465129 548.07773127 1918.8059051
313.85409219 748.069145114 2670.41191917
213.614598489 574.927958373 2024.74527953
173.7634693 328.696632274 1209.21938477
298.927818823 611.028046891 2223.78053573
191.571712621 479.093681031 1700.80648225
197.810996214 500.523429541 1774.55348476
93.9481568209 375.544835853 1276.98468238
184.643252038 613.141972271 2116.15522956
105.690168995 486.045662563 1636.82498168
109.72030235 529.219536488 1776.86089897
127.178446602 441.080866433 1516.66573519
164.301857594 498.611277854 1735.02071042
165.15805001 512.014188135 1778.09857891
194.130348705 447.368388324 1603.42450812
169.567317978 543.688919577 1882.28917964
240.441506529 406.010595181 1519.4508764
131.228965017 427.912901222 1479.23469848
194.808769981 497.998657053 1763.59775262
Integration map is updated with boundary = 0.374233:36.0911
205.932580629 347.998102555 1302.19174024
171.194095416 410.960252463 1465.79581218
109.320702338 498.695703195 1680.30551079
233.990449257 443.78791912 1632.00546051
101.147608128 588.681288104 1955.6038521
197.317481982 594.58544417 2070.37292267
205.401266793 350.804226038 1310.50024061
164.406501924 519.713245333 1801.60050207
132.492531604 390.52988485 1362.73476633
173.093688921 430.275818066 1528.54305272
190.333116107 676.841711095 2322.51119393
157.193076104 510.052338812 1763.95341243
181.568669478 627.666818747 2158.83663209
126.329201878 352.548135358 1236.92181647
341.863785969 658.829864279 2417.30117495
246.214344398 391.725044625 1480.22155612
175.381758021 527.545520607 1837.24889128
265.617323847 387.49347336 1486.29429404
192.919993261 330.935355942 1235.42830732
167.929052606 543.135970644 1878.90902163
89.8956800539 389.089303038 1315.59981243
167.991433051 537.483234252 1861.16422439
216.821742503 519.243631914 1852.53637248
244.606025448 672.135723601 2361.95936182
140.775536567 449.650372713 1557.25837394
186.602494262 509.233896288 1790.78458344
174.763333141 442.268162346 1567.99082609
198.723737606 496.852706634 1763.90276193
197.635981293 384.013546692 1407.35053112
176.08910973 475.531585306 1674.10261109
175.101960957 518.241926382 1807.66103101
163.105625103 520.572190026 1803.0054618
244.915815604 312.896391671 1230.59801576
171.114086874 471.146415667 1655.31348307
169.210237305 386.015801157 1385.23226347
177.335819789 466.417836371 1646.63930613
106.204730334 433.569100367 1472.0285498
287.261793654 621.192136207 2244.13329437
241.817720897 366.433300213 1396.15120373
292.169689905 717.672654911 2552.97288328
185.791204331 508.15388563 1786.57105779
226.365525229 568.712755048 2017.91715246
288.977823851 450.22078947 1707.25758077
219.719878683 426.337850866 1562.76390871
259.820247568 523.264871664 1908.20253543
186.109236082 562.313555703 1957.50218761
201.30783014 571.044231604 2000.20404492
204.31765523 611.030372495 2129.17769822
104.838063622 501.233702539 1683.81804506
239.219562462 365.727347184 1391.32916112
192.945279382 596.523042557 2072.10451766
230.508772652 430.947272377 1588.07334321
318.806945281 529.934445623 1988.19963949
97.0720976029 442.703049155 1491.6695654
176.108463615 420.099516395 1499.5005724
222.226064125 483.305788165 1744.72975962
150.665048762 366.581925865 1305.46673022
165.211249766 558.623416204 1924.97957117
350.444666698 463.097361149 1809.28803458
134.848414834 570.865750577 1933.18238097
285.792586434 497.477183323 1852.93882921
163.098070589 379.974266867 1360.08813292
250.813889076 412.224866395 1549.39937643
183.109962454 467.470967087 1655.73100767
CA-based Elastic Network Model will be used
number of points used for ENM:  238
184.118573909 219.41621501 875.320720429
269.732040512 230.561675952 996.044475151
150.732087761 227.061413571 866.018040739
169.943003139 222.910731249 872.1535299
99.7173904429 198.191219522 724.056828388
177.810577661 271.961080632 1034.53888598
173.451155653 148.544885161 641.395347803
275.521760627 197.899831578 898.943272007
178.002439133 164.843952575 697.291744417
168.958282873 160.523709086 674.638012526
246.633241758 138.247435441 682.138539865
161.432242489 158.193606683 659.771713434
92.3592940148 222.07305206 791.930974535
141.516923219 213.691505796 814.685164193
185.291053954 147.16688356 648.894283134
137.180071922 234.083502284 874.586918705
290.625463524 159.295333389 792.435579809
140.658598165 214.585570251 816.643309517
178.32311459 250.490660873 967.415581939
91.5600213002 140.590049762 534.444993
136.639263024 229.036807599 858.148076935
158.341533524 168.450770148 688.99298927
129.669260138 238.513568149 881.031643592
210.818153961 247.585281782 990.758133358
91.2346396884 304.78073654 1051.35100713
155.498027465 238.880802597 908.017268169
140.420993621 316.986050157 1138.98638349
221.098133746 211.349622458 886.889003863
79.9203822866 121.713551365 463.340850825
131.512283069 315.984539464 1126.9227268
230.76660287 176.286108768 786.100841849
120.103044147 206.667457835 771.144219318
174.169394226 196.086968952 791.88004901
96.223954775 203.826722162 738.316280858
146.708134637 96.0632844076 449.32546117
235.962050196 275.614844659 1104.20039909
183.969483486 248.57090986 967.014375814
117.860373675 152.276822601 597.560867289
218.665989941 147.208030193 682.398838716
156.062784871 176.417001286 711.809359783
113.198646051 203.193146892 753.295091446
108.783958482 235.136761645 849.508769395
212.533425072 205.519910639 859.959611783
115.03055589 222.661079944 816.454634311
228.185574967 181.918365177 801.262475852
143.9882107 195.617388347 760.219598684
121.689449635 167.986128712 650.877197889
136.967085261 336.123937072 1195.82040105
165.663875041 223.271851741 869.011998941
233.981267515 230.566671996 960.309440627
131.734546029 265.695053248 968.723695243
123.792682008 154.15784128 609.41873654
145.311575655 165.698853268 667.293978139
141.938303969 173.573569315 688.72753595
169.281032033 242.335907771 932.684500745
225.565993759 268.542213094 1071.5242294
247.090231705 265.790349321 1084.37958139
204.19503105 129.011510705 610.605437506
182.392543041 208.913049699 840.5077529
166.096982781 174.357891432 715.356976237
152.419433643 207.690385059 806.683021034
147.687034942 255.611649206 952.91157406
178.876972329 168.371838617 709.279778978
111.238145728 257.558832133 922.596675531
164.099318305 163.885641604 680.369764659
125.522639477 210.232639661 787.794804712
395.621904951 188.998083899 991.001244955
138.817149419 174.040589998 687.077583965
109.426230273 153.015570577 591.453918285
263.496192958 159.77147484 766.806243935
177.512426504 165.756669708 699.676961595
167.296486361 252.826378131 963.74690026
218.229316922 231.692087412 948.102759246
173.660799558 242.089799226 936.288980286
186.818597865 255.262283269 990.942568889
150.604560904 155.231061772 639.611460864
145.675318574 224.185526203 851.901688048
144.29404535 172.480571326 687.640129085
181.891231438 212.397431595 850.982896461
122.312837701 228.268876317 841.402524334
197.594556948 215.29672677 875.819544448
99.6695457778 166.647894124 624.641604595
107.548151529 255.898052221 913.674913753
123.327806902 131.225557097 536.712873906
157.158787303 172.936510871 701.941165944
121.400507121 210.859075174 785.646061473
188.084969411 204.385025157 831.936054429
204.094744291 133.994815019 626.203492087
179.457735924 244.25075432 948.893329676
229.613944637 205.789868076 877.890547803
95.2823719259 387.78692386 1316.88376612
302.83671725 109.116245939 646.573315795
80.3999043815 164.823107883 599.623544983
263.078354771 111.98657957 615.857041508
200.31708751 164.362275339 718.089019344
126.91745415 170.740760992 664.782809684
149.404808035 238.479171874 900.658836787
149.975331672 164.256172294 667.413019052
156.992876246 303.55161233 1113.23727237
216.198448638 209.360815355 875.724204125
CA-based Elastic Network Model will be used
number of points used for ENM:  238
192.446709066 276.918217681 1064.79092694
101.787144927 282.723282691 992.418404146
151.086823964 229.006674966 872.500714438
90.7487490154 118.767223064 464.887731928
141.436005803 201.571284777 776.423281964
89.5927159599 145.033910228 546.476679907
151.412488652 239.96047651 907.332904271
262.311125011 136.067819358 690.950224488
154.479517482 133.730663944 575.756139948
101.897255902 176.97538445 659.402842293
161.708628262 218.371676023 849.620281463
293.905655902 184.111495747 873.89132858
220.931732087 144.221528443 675.256541353
110.295802727 183.478411201 688.287140588
166.271053267 215.503743774 845.148183077
80.8583769823 147.263058071 544.764573876
228.76082447 139.585178768 668.480264452
181.045491729 231.32272421 909.755370828
54.6416976404 184.683981269 636.430806868
223.239398089 214.474128286 898.873046392
119.400809523 185.116507634 702.552457761
117.629737605 289.221413305 1028.73132454
248.020837562 125.668304492 643.89951868
133.501131961 184.775231112 715.577695274
236.460187147 211.676196205 903.279825694
135.699732351 199.682457408 764.736848756
136.781297045 216.04838645 817.374153227
193.959475472 141.09156248 638.424306102
153.328977472 260.805701586 974.915753785
150.836163959 148.560743918 618.830314164
185.109447 194.576107835 798.060606469
89.6140568908 289.146198574 1000.47870335
135.709543946 209.437784357 795.477766196
194.814987004 396.503625873 1443.87562409
104.126851097 274.312960225 968.264020345
152.748308537 192.008037 757.609564198
168.979215934 205.069041893 814.985081702
87.0126821157 263.029780913 915.6057246
126.869345621 150.872596647 602.146264642
123.867830561 276.096117491 993.622278959
155.617241257 237.444259705 903.611102966
69.4820192842 254.238254767 870.380108854
184.685638161 197.464578481 806.736020817
125.425157566 212.400118895 794.525288084
147.458465096 191.415194799 750.452156858
108.101835541 167.133259358 634.602885693
126.956506112 196.214330823 745.068374631
225.485843718 174.090921214 773.904831018
120.754961773 359.063038245 1251.87073988
172.582962444 280.212477116 1055.30471414
144.408664462 213.759500035 817.791100015
125.525134698 136.185984023 554.536474987
175.303857776 173.668919743 722.393461453
196.172569999 222.691527544 897.692564057
66.8247966541 195.243314284 681.877781322
138.235048116 133.582166009 559.04387429
97.8754073831 239.102048921 851.091615418
165.619734912 222.753714513 867.335629564
164.682320626 169.75829584 699.452727037
81.1354607513 274.380645274 945.48585057
102.558573297 181.765325389 675.153370202
200.029369948 182.286870882 774.267132777
76.9583156397 232.150650656 808.276318013
284.192735013 164.143342153 801.274986332
238.473794731 185.247306421 822.03748363
137.18161142 211.16067622 802.377265519
123.335689266 155.981199784 614.705664374
97.9621036491 240.269002026 854.854432392
137.244946895 260.483541576 957.816858876
162.163353505 250.53826111 951.405770509
176.981413549 253.289380878 974.890372764
82.8450668022 186.627904083 670.757896749
147.518390538 277.574329714 1021.92948412
218.094181723 266.490736723 1057.58988282
156.168658248 206.337554319 806.170575592
125.603066208 227.784652593 843.167357476
253.827330256 124.198167795 645.074805606
340.655740522 181.555554666 912.589720389
170.685212333 212.242722013 839.289513212
210.567515302 173.557726534 757.306839559
136.028530627 190.397402779 735.815987021
101.568277661 208.870526353 759.549531022
134.716908244 324.185326013 1155.96136459
313.573746319 270.104389247 1164.45312924
216.188009332 265.386988545 1052.20669707
249.343424922 196.091288859 867.067688222
155.569115237 145.888743277 615.145963291
154.019729179 236.722765186 899.740748106
87.880226565 157.390976549 583.691262355
162.816699823 312.789057416 1148.16077699
217.576299952 197.632020535 840.154156416
145.087673748 219.798237164 837.493261557
138.835294083 210.821833798 802.96353113
114.003226309 270.661449352 966.637452834
197.828420652 266.858015577 1038.48111888
68.862947388 173.122263759 614.230482396
180.960224525 233.036220213 915.067936758
211.889388792 208.964930016 870.168031361
104.928379995 219.921082735 797.720954349
140.807505146 248.611054618 923.978860975
CA-based Elastic Network Model will be used
number of points used for ENM:  238
63.2827259424 127.805875148 465.895154727
101.10021742 161.102997699 608.604814632
113.206856533 86.5721970796 385.925481488
209.166679639 195.051322097 823.614852982
93.7060152666 142.86124481 543.745676476
81.3849523974 47.9560146156 232.455374605
108.992301128 71.2007869957 333.288107175
126.651733813 120.589197857 506.53027835
142.827710275 163.858095982 659.011382764
54.5269636722 112.066441126 407.557229258
105.535581214 101.828374998 426.314022188
125.772156803 103.982467725 453.336393058
90.4784006778 135.264823996 516.587914462
137.95919996 100.115509737 453.341794756
162.916147164 112.169955066 516.272501037
92.2577566306 170.238787969 628.541803183
96.1892893534 209.603753602 756.48034579
71.2773359112 122.581034877 457.430539885
228.693143119 122.626520429 614.989635094
118.867275956 84.2716868457 384.338863076
245.638340927 36.3688921363 360.207158506
129.653716734 177.949592939 690.228242212
42.5953696168 112.089236974 395.697446393
170.36736341 114.641781677 531.510433772
82.7329626295 148.81011563 551.512680404
114.688031656 193.733620542 724.985198462
80.3146338979 138.553825537 516.785118156
95.8786432387 75.1118331345 332.494976673
68.1417928115 137.622651956 501.678905998
100.876321721 153.126934463 583.254826819
97.7914000658 133.529202476 518.433381197
87.659504186 171.456246317 627.778772415
83.9469516362 134.109389772 506.416631348
114.875950602 98.795610466 426.100615642
184.039298598 87.181660694 458.677848014
98.1584809403 118.596677721 471.7602141
104.306928111 148.796119968 573.042556929
121.924416373 94.5664642309 419.826479182
128.128075148 95.2665610562 428.235573997
106.663261033 105.832197669 440.054492835
144.564853172 173.952646092 692.548247956
108.993346229 105.196458607 440.381880992
83.5339175382 173.364119407 629.663343106
74.0702141561 142.274335724 522.26100189
157.738156282 94.09104128 454.142547808
98.7582778271 79.3865322463 348.84071358
85.6403959781 91.4064583198 373.587848693
136.433748925 153.254228751 619.213254858
98.1997964411 207.691259252 752.466137705
123.090545781 131.488717729 537.304618034
78.658946081 103.72443862 405.410342361
63.0343140926 96.1530978846 365.934569889
85.9474653639 101.016404001 404.168045718
71.8987164122 160.705483153 578.151068399
158.839681507 68.7942715825 375.554513563
127.623830765 84.720859121 394.510394626
101.422201108 65.6449649905 308.216127926
107.837604157 113.729930989 466.108174176
67.1302358953 101.102655903 385.622525882
122.4061019 126.200735743 519.962041119
56.9395586152 111.899627072 409.444328708
90.4532409537 134.156726375 513.072039824
116.93680706 58.6311807744 301.636000793
114.376434979 92.6954478902 406.384446107
148.771904016 89.8958896332 431.960782627
139.006509398 91.4815631584 427.190556412
152.231095992 60.9712705107 344.3020104
84.0069333162 62.5584758561 281.077841648
87.154716811 77.541948096 331.42636723
141.301699784 81.9867951105 399.575450264
93.0158588576 88.2878555276 371.139129052
155.40410466 151.943646211 634.055030283
112.419941839 117.278024763 481.867671362
188.805042575 83.3671855009 451.427281159
139.961706289 77.1661259848 383.049446713
150.523055993 52.437869112 315.712158756
111.38518262 164.90965114 630.881450683
139.895047384 127.130296016 540.379275453
50.9130657167 153.995815105 536.028707471
115.957452403 126.701024073 515.089393502
141.230162617 117.290297281 510.716552869
95.3518750284 154.120563623 580.860497962
82.4198143342 102.401452652 405.003557183
89.2392139243 142.758147182 538.954098309
123.39537565 86.1733242855 394.857476645
107.60434972 89.3701251996 389.136971955
78.940759301 175.585783226 632.06884174
102.088467701 189.784572828 699.945395044
140.445281356 133.219304918 560.111027176
66.436479329 112.71878167 421.521739731
205.355296504 145.877668544 664.897257075
55.0437863572 136.136580164 483.899495243
113.765900428 142.248232534 561.874458229
91.3753019235 97.1946180228 397.556541102
112.103895658 121.610263565 495.198988294
116.873866923 55.6107517944 292.05814402
153.663908623 180.725473595 722.982977746
103.559757632 138.596049558 540.163255461
204.619148742 81.7844501027 462.255474573
151.628723086 121.564403089 534.579346636
CA-based Elastic Network Model will be used
number of points used for ENM:  238
95.9820178445 60.8432613999 287.649679594
113.692333405 52.6683602723 279.607526465
152.837554167 39.3023742546 276.647389492
119.13697727 89.5626449284 401.276072685
131.28786329 79.2672232814 380.994453472
99.735333832 36.6934051598 215.326428175
229.958556278 116.310770875 596.359255008
66.5237655816 88.0962054985 344.043302312
95.4608675086 81.2151195387 351.303695498
94.8906676123 101.632689171 415.052661605
123.654468214 78.3769760127 370.556612867
307.09015231 64.3443959278 509.787043147
100.676059264 51.2130653218 262.006800835
140.429314697 120.279667927 519.332782017
76.6968380279 117.267229186 446.110559462
53.689110433 54.6339175086 225.796176691
137.010920816 139.593831296 576.757617879
63.4896842489 18.6923238908 122.374003241
78.5771124195 150.353001407 552.21720918
121.147755146 119.755222558 498.399121391
95.5563788616 51.6999207962 258.420806304
82.061294472 69.3