# q      i          sigma
0.017484 212.875952 5.898074
0.017990 212.549044 8.763226
0.018497 215.288606 20.963210
0.019004 212.762124 5.913120
0.019511 213.941981 0.987433
0.020018 212.164759 5.571260
0.020524 212.600634 4.786149
0.021031 211.900688 1.071549
0.021538 209.382650 7.089744
0.022045 211.476771 1.084821
0.022551 210.747697 1.109068
0.023058 208.729064 0.837483
0.023565 210.232432 0.871017
0.024072 209.220493 1.025577
0.024579 208.433591 0.908782
0.025085 207.978732 0.926737
0.025592 207.015511 0.717100
0.026099 205.873259 0.987371
0.026606 207.720812 0.873778
0.027112 204.754321 0.961607
0.027619 206.919014 0.888757
0.028126 206.761161 0.721614
0.028633 204.578957 0.714439
0.029139 205.354668 0.766873
0.029646 202.957049 0.746125
0.030153 203.047860 0.695870
0.030660 203.621013 0.673843
0.031167 203.239670 0.792078
0.031673 201.747381 0.662004
0.032180 201.590970 0.682384
0.032687 200.383782 0.644653
0.033194 200.113701 0.769269
0.033700 198.406552 0.601605
0.034207 199.059970 0.741062
0.034714 198.467601 0.606267
0.035221 198.576743 0.618937
0.035727 196.984424 0.539931
0.036234 196.890846 0.659718
0.036741 196.648540 0.540877
0.037248 195.447761 0.676772
0.037755 195.221014 0.514217
0.038261 194.819988 0.908565
0.038768 193.721835 1.884566
0.039275 193.218415 0.543427
0.039782 192.973916 0.521413
0.040288 191.609749 0.531196
0.040795 191.693021 0.514963
0.041302 191.321823 0.631474
0.041809 191.934284 0.573600
0.042315 190.579104 0.504282
0.042822 190.111962 0.491231
0.043329 189.175713 0.495948
0.043836 188.361107 0.543201
0.044343 187.363003 0.473236
0.044849 187.064421 0.489586
0.045356 185.564592 0.494041
0.045863 185.673058 0.500118
0.046370 184.134381 0.517964
0.046876 184.209611 0.512099
0.047383 183.244167 0.460497
0.047890 182.622451 0.500554
0.048397 181.643207 0.483967
0.048903 182.035919 0.435086
0.049410 180.491149 0.511783
0.049917 179.476544 0.477411
0.050424 179.040315 0.490492
0.050931 178.642337 0.486770
0.051437 176.644052 0.571179
0.051944 176.981038 0.462319
0.052451 175.771111 0.585666
0.052958 176.160000 0.456440
0.053464 174.535743 1.966661
0.053971 173.463304 1.304754
0.054478 173.345397 0.424808
0.054985 171.425209 0.507206
0.055491 170.817582 0.428239
0.055998 170.885972 0.417401
0.056505 169.622579 0.479355
0.057012 167.792605 0.424880
0.057519 167.309414 0.420460
0.058025 166.775373 0.468502
0.058532 166.040999 0.425575
0.059039 166.073955 0.421575
0.059546 165.169574 0.435538
0.060052 162.681153 0.394593
0.060559 162.969065 0.413884
0.061066 161.807030 0.400575
0.061573 161.995188 0.387166
0.062079 160.299944 0.405875
0.062586 159.219394 0.367338
0.063093 158.614098 0.429597
0.063600 157.545161 0.381710
0.064106 157.149245 0.350000
0.064613 156.148043 0.358944
0.065120 155.636409 0.391683
0.065627 155.065302 0.412392
0.066134 153.510690 0.383947
0.066640 152.869407 0.392648
0.067147 152.417465 0.367392
0.067654 151.341578 0.383019
0.068161 150.356920 0.395768
0.068667 149.919811 0.319784
0.069174 149.076516 0.337526
0.069681 147.197058 0.341648
0.070188 147.074835 0.318370
0.070694 145.502774 0.354053
0.071201 145.308777 0.324151
0.071708 144.108030 0.346349
0.072215 143.546677 0.345440
0.072721 142.665088 0.312843
0.073228 142.769015 0.353656
0.073735 140.872693 0.329336
0.074242 140.604241 0.316170
0.074748 139.307641 0.338861
0.075255 137.947755 0.349024
0.075762 137.590375 0.359427
0.076269 136.929931 0.328465
0.076776 136.457421 0.359655
0.077282 134.506779 0.335319
0.077789 134.359269 0.317513
0.078296 132.537008 0.313305
0.078803 133.058677 0.306537
0.079309 131.902717 0.317589
0.079816 131.947096 0.350452
0.080323 130.536290 0.311094
0.080830 129.746602 0.293075
0.081336 127.774535 0.284917
0.081843 127.863532 0.343689
0.082350 126.383130 0.321857
0.082857 125.910988 0.402928
0.083363 125.143346 0.420287
0.083870 124.126762 0.306308
0.084377 123.656046 0.326584
0.084884 122.100211 0.333973
0.085390 121.329792 0.308898
0.085897 119.823842 0.296762
0.086404 119.674153 0.301723
0.086911 118.540682 0.310172
0.087417 118.031876 0.299975
0.087924 117.379568 0.340628
0.088431 116.297368 0.288705
0.088938 115.803195 0.303713
0.089444 115.162184 0.288179
0.089951 114.175716 0.288170
0.090458 113.411406 0.297424
0.090965 112.621426 0.318697
0.091471 111.761823 0.256826
0.091978 110.682886 0.266260
0.092485 109.849723 0.274642
0.092992 109.405539 0.274908
0.093498 108.813855 0.256699
0.094005 107.992470 0.297791
0.094512 107.249634 0.306540
0.095019 106.340724 0.293065
0.095525 105.343725 0.273177
0.096032 104.473956 0.279361
0.096539 103.889044 0.328693
0.097046 102.996772 0.284336
0.097552 102.616013 0.351357
0.098059 101.707502 0.266194
0.098566 100.780587 0.257608
0.099073 99.679673 0.257831
0.099579 98.577710 0.270259
0.100086 98.650147 0.242772
0.100593 97.406119 0.267383
0.101100 96.843277 0.259530
0.101606 96.450063 0.255465
0.102113 95.353311 0.250794
0.102620 95.124867 0.247729
0.103127 93.942525 0.263355
0.103633 93.758759 0.261591
0.104140 92.265895 0.260334
0.104647 91.808285 0.271036
0.105154 91.062131 0.430754
0.105660 90.160468 0.265916
0.106167 89.111670 0.253904
0.106674 88.272999 0.262197
0.107181 87.392858 0.259928
0.107687 86.471209 0.282767
0.108194 86.421582 0.264724
0.108701 85.301105 0.310059
0.109208 85.101819 0.295571
0.109714 84.366179 0.245336
0.110221 83.633440 0.239826
0.110728 82.953721 0.249910
0.111235 82.203842 0.245146
0.111741 81.601942 0.221964
0.112248 80.487041 0.215959
0.112755 79.991251 0.242645
0.113262 78.971774 0.259326
0.113768 78.139809 0.227275
0.114275 77.375075 0.240380
0.114782 76.807090 0.229745
0.115289 76.544116 0.221423
0.115795 75.926587 0.223280
0.116302 75.494334 0.233230
0.116809 74.590092 0.226343
0.117316 73.984629 0.236841
0.117822 73.083199 0.225942
0.118329 72.459290 0.233246
0.118836 71.788472 0.232165
0.119342 71.197889 0.213760
0.119849 70.453683 0.214057
0.120356 69.634826 0.227720
0.120863 69.119630 0.232285
0.121369 68.642910 0.206829
0.121876 67.653252 0.228927
0.122383 66.846844 0.193296
0.122890 66.358632 0.229251
0.123396 66.185733 0.206568
0.123903 65.505537 0.240644
0.124410 64.954376 0.222353
0.124917 64.112245 0.223814
0.125423 63.679256 0.220707
0.125930 62.620280 0.225292
0.126437 62.181231 0.198530
0.126944 61.109896 0.208698
0.127450 60.874359 0.198637
0.127957 60.498997 0.211739
0.128464 59.894064 0.209629
0.128970 59.562064 0.250917
0.129477 58.707517 0.256594
0.129984 58.409550 0.861427
0.130491 57.608980 0.325988
0.130997 56.923551 0.208697
0.131504 56.189926 0.197401
0.132011 55.353302 0.194557
0.132518 55.077367 0.187096
0.133024 54.786748 0.188339
0.133531 54.183920 0.182840
0.134038 53.917791 0.189440
0.134545 53.259146 0.197456
0.135051 52.790355 0.187349
0.135558 52.210496 0.353932
0.136065 51.707195 0.194709
0.136571 51.019501 0.341660
0.137078 50.461710 0.197219
0.137585 49.843266 0.189914
0.138092 49.151460 0.188510
0.138598 48.753962 0.189290
0.139105 48.103227 0.185205
0.139612 48.021361 0.182172
0.140119 47.339826 0.184113
0.140625 46.961209 0.196234
0.141132 46.259836 0.232148
0.141639 45.441651 0.258583
0.142145 45.528337 0.453194
0.142652 44.588632 0.779555
0.143159 44.194523 0.404248
0.143666 44.221813 0.333708
0.144172 42.825558 0.188237
0.144679 42.743970 0.184926
0.145186 42.240798 0.167684
0.145692 41.830118 0.182941
0.146199 41.638426 0.175392
0.146706 41.035127 0.376305
0.147213 40.727646 0.403821
0.147719 39.972264 0.194419
0.148226 39.824826 0.423483
0.148733 39.047626 0.196532
0.149240 38.922622 0.174942
0.149746 38.061314 0.181370
0.150253 38.018023 0.175475
0.150760 37.438052 0.173577
0.151266 37.052846 0.172020
0.151773 36.979485 0.177364
0.152280 36.043100 0.169712
0.152787 35.983953 0.187165
0.153293 35.296170 0.174945
0.153800 34.845436 0.169694
0.154307 34.767154 0.170470
0.154813 34.307978 0.171559
0.155320 33.677756 0.167250
0.155827 33.437439 0.167749
0.156334 32.761853 0.172531
0.156840 32.325441 0.166376
0.157347 32.149872 0.170464
0.157854 31.642056 0.155326
0.158360 31.304111 0.166742
0.158867 31.049263 0.170977
0.159374 31.023579 0.155485
0.159881 30.346181 0.176916
0.160387 29.973098 0.161155
0.160894 29.357060 0.181163
0.161401 29.388892 0.172113
0.161907 28.857293 0.163915
0.162414 28.354196 0.326055
0.162921 27.971897 0.167307
0.163427 27.866010 0.199970
0.163934 27.339713 0.165895
0.164441 27.464291 0.144687
0.164948 26.944656 0.164601
0.165454 26.493944 0.159005
0.165961 26.031754 0.169533
0.166468 25.932418 0.160398
0.166974 25.541674 0.426895
0.167481 25.283081 0.162003
0.167988 25.132092 0.485750
0.168495 24.814870 0.164862
0.169001 24.240565 0.168763
0.169508 23.911289 0.152503
0.170015 23.544460 0.150922
0.170521 23.344001 0.164862
0.171028 23.148732 0.181240
0.171535 22.357206 0.161369
0.172041 22.299446 0.160776
0.172548 22.103016 0.156515
0.173055 21.667284 0.151561
0.173562 21.590132 0.157994
0.174068 21.472093 0.149053
0.174575 21.005935 0.151712
0.175082 20.488328 0.162916
0.175588 20.173122 0.150787
0.176095 20.185628 0.149561
0.176602 19.747941 0.151451
0.177108 19.682681 0.154453
0.177615 19.609257 0.153877
0.178122 19.232615 0.148632
0.178629 19.117760 0.156925
0.179135 18.826542 0.145183
0.179642 18.788670 0.156557
0.180149 18.297138 0.149578
0.180655 17.933735 0.146961
0.181162 17.668454 0.154764
0.181669 17.237473 0.150888
0.182175 17.350909 0.152888
0.182682 16.896470 0.157983
0.183189 16.761386 0.148131
0.183695 16.609256 0.221786
0.184202 16.291430 0.142512
0.184709 16.058769 0.232038
0.185216 16.003584 0.147986
0.185722 15.554346 0.142165
0.186229 15.640311 0.143178
0.186736 15.516126 0.142184
0.187242 15.077337 0.137025
0.187749 14.695493 0.199175
0.188256 14.497003 0.287671
0.188762 14.470958 0.188770
0.189269 14.421298 0.257608
0.189776 14.325391 0.287634
0.190282 14.014380 0.139760
0.190789 13.638324 0.295028
0.191296 13.668068 0.140931
0.191802 13.359768 0.144881
0.192309 13.122879 0.158453
0.192816 12.863965 0.152056
0.193323 12.560063 0.141716
0.193829 12.603983 0.168340
0.194336 12.447189 0.147438
0.194843 12.235089 0.133841
0.195349 12.216498 0.137098
0.195856 11.974076 0.154300
0.196363 11.932503 0.139848
0.196869 11.574247 0.132092
0.197376 11.639158 0.133073
0.197883 11.295391 0.149166
0.198389 11.185263 0.177043
0.198896 11.027169 0.125575
0.199403 10.874064 0.145830
0.199909 10.900402 0.133431
0.200416 10.399148 0.143233
0.200923 10.452375 0.147498
0.201429 10.331380 0.145183
0.201936 9.936923 0.161874
0.202443 10.062142 0.150218
0.202949 9.722739 0.132727
0.203456 9.704043 0.133262
0.203963 9.450802 0.137152
0.204469 9.462300 0.147462
0.204976 9.403454 0.237113
0.205483 9.451896 0.447819
0.205989 9.032650 0.149894
0.206496 9.010599 0.164963
0.207003 8.843983 0.200679
0.207509 8.773846 0.137758
0.208016 8.529114 0.151398
0.208523 8.588819 0.127970
0.209029 8.435259 0.137028
0.209536 8.375484 0.129159
0.210043 8.185725 0.127147
0.210549 8.198341 0.442266
0.211056 8.000955 0.159034
0.211563 7.716964 0.322280
0.212069 7.982390 0.135223
0.212576 7.655103 0.139196
0.213083 7.441016 0.136336
0.213589 7.486182 0.137240
0.214096 7.397939 0.126058
0.214603 7.261897 0.131884
0.215109 7.091478 0.119406
0.215616 7.000550 0.139282
0.216123 6.937012 0.130603
0.216629 6.827011 0.133548
0.217136 6.782492 0.131525
0.217643 6.658687 0.140264
0.218149 6.816630 0.132981
0.218656 6.509535 0.119455
0.219163 6.461123 0.136206
0.219669 6.572928 0.125354
0.220176 6.404465 0.143816
0.220683 6.225798 0.122671
0.221189 6.145825 0.136053
0.221696 6.074508 0.135387
0.222203 6.352054 0.123772
0.222709 5.990860 0.125736
0.223216 6.140178 0.207516
0.223722 5.788679 0.135683
0.224229 5.471023 0.186452
0.224736 5.641437 0.178339
0.225242 5.609611 0.126247
0.225749 5.595561 0.124539
0.226256 5.524916 0.122027
0.226762 5.364281 0.146751
0.227269 5.295111 0.123839
0.227776 5.349578 0.121489
0.228282 4.949151 0.119312
0.228789 5.183132 0.131208
0.229296 5.006844 0.117142
0.229802 5.023360 0.123366
0.230309 5.060542 0.126066
0.230816 5.155342 0.111624
0.231322 4.916257 0.124929
0.231829 4.922948 0.119550
0.232335 4.821204 0.119568
0.232842 4.710234 0.114037
0.233349 4.800497 0.115457
0.233855 4.547354 0.117303
0.234362 4.759192 0.159430
0.234869 4.621986 0.117671
0.235375 4.706420 0.217363
0.235882 4.608414 0.118237
0.236389 4.548307 0.120838
0.236895 4.477559 0.384238
0.237402 4.414800 0.135794
0.237908 4.434541 0.126711
0.238415 4.459186 0.149551
0.238922 4.068659 0.265441
0.239428 4.210248 0.166437
0.239935 4.166420 0.114057
0.240442 4.076889 0.198221
0.240948 4.148368 0.120341
0.241455 4.020645 0.133060
0.241962 3.941377 0.150372
0.242468 3.856274 0.117481
0.242975 3.903898 0.110647
0.243481 4.060588 0.114076
0.243988 4.054906 0.118278
0.244495 4.256952 0.226380
0.245001 4.080014 0.123233
0.245508 4.063120 0.227237
0.246015 3.966528 0.247485
0.246521 4.091300 0.112284
0.247028 3.615444 0.119994
0.247534 3.609688 0.111776
0.248041 3.741037 0.109149
0.248548 3.482016 0.115134
0.249054 3.818410 0.118558
0.249561 3.630593 0.206460
0.250068 3.696993 0.118726
0.250574 3.581629 0.186115
0.251081 3.637765 0.112897
0.251587 3.391211 0.106752
0.252094 3.241015 0.107812
0.252601 3.399229 0.104570
0.253107 3.208537 0.109505
0.253614 3.495222 0.107472
0.254120 3.259407 0.103732
0.254627 3.513154 0.106891
0.255134 3.719407 0.130125
0.255640 3.702172 0.102547
0.256147 3.770110 0.105814
0.256654 3.876074 0.161681
0.257160 3.621559 0.106365
0.257667 3.628730 0.218755
0.258173 3.482970 0.120179
0.258680 3.482655 0.206917
0.259187 3.301427 0.113022
0.259693 3.498831 0.182305
0.260200 3.368671 0.229431
0.260706 3.548794 0.264096
0.261213 3.465562 0.141839
0.261720 3.503038 0.160416
0.262226 3.458095 0.111940
0.262733 3.251460 0.134269
0.263239 3.474245 0.253242
0.263746 3.195996 0.101079
0.264253 3.415128 0.155430
0.264759 3.359671 0.125644
0.265266 3.249120 0.134026
0.265772 3.208405 0.188712
0.266279 3.274470 0.334649